x
0 1
1 0 0.0666667
2 0 0.0666667
3 0 0.0666667
4 0 0.0666667
5 0 0.0666667
6 0 0.0666667
8 0 0.0666667
10 0 0.133333
12 0 0.0666667
13 0 0.0666667
14 0 0.0666667
15 0 0.0666667
16 0 0.0666667
17 0 0.0666667
18 0 0.133333
20 0 0.0666667
24 0 0.0666667
28 0 0.0666667
34 0 0.0666667
36 0 0.0666667
41 0 0.0666667
43 0 0.0666667
44 0 0.0666667
45 0 0.0666667
46 0 0.0666667
49 0 0.0666667
50 0 0.0666667
52 0 0.0666667
54 0 0.0666667
56 0 0.0666667
57 0 0.0666667
58 0 0.0666667
59 0 0.0666667
61 0 0.0666667
63 0 0.0666667
64 0 0.0666667
65 0 0.0666667
66 0 0.0666667
68 0 0.0666667
69 0 0.0666667
70 0 0.0666667
72 0 0.0666667
73 0 0.0666667
74 0 0.0666667
76 0 0.0666667
77 0 0.0666667
78 0 0.0666667
81 0 0.0666667
83 0 0.0666667
85 0 0.0666667
86 0 0.0666667
88 0 0.0666667
89 0 0.0666667
90 0 0.0666667
91 0 0.0666667
92 0 0.0666667
93 0 0.0666667
94 0 0.0666667
96 0 0.0666667
98 0 0.0666667
99 0 0.0666667
103 0 0.0666667
104 0 0.0666667
105 0 0.0666667
107 0 0.0666667
109 0 0.0666667
110 0 0.133333
111 0 0.0666667
112 0 0.0666667
116 0 0.0666667
117 0 0.0666667
118 0 0.0666667
120 0 0.0666667
123 0 0.0666667
130 0 0.0666667
131 0 0.0666667
132 0 0.0666667
141 0 0.0666667
143 0 0.0666667
144 0 0.0666667
145 0 0.0666667
146 0 0.0666667
148 0 0.0666667
149 0 0.0666667
150 0 0.0666667
151 0 0.0666667
153 0 0.0666667
154 0 0.0666667
156 0 0.0666667
157 0 0.0666667
158 0 0.0666667
161 0 0.133333
163 0 0.0666667
164 0 0.0666667
165 0 0.0666667
166 0 0.0666667
168 0 0.0666667
169 0 0.0666667
170 0 0.0666667
171 0 0.0666667
172 0 0.0666667
173 0 0.0666667
175 0 0.0666667
176 0 0.0666667
178 0 0.0666667
181 0 0.0666667
182 0 0.0666667
183 0 0.0666667
184 0 0.133333
185 0 0.0666667
186 0 0.0666667
188 0 0.0666667
189 0 0.133333
190 0 0.133333
191 0 0.0666667
192 0 0.0666667
193 0 0.0666667
194 0 0.0666667
195 0 0.0666667
197 0 0.0666667
198 0 0.0666667
199 0 0.0666667
201 0 0.0666667
203 0 0.0666667
205 0 0.0666667
212 0 0.0666667
214 0 0.0666667
215 0 0.0666667
216 0 0.0666667
217 0 0.0666667
221 0 0.0666667
223 0 0.0666667
224 0 0.0666667
225 0 0.0666667
228 0 0.133333
229 0 0.0666667
230 0 0.133333
231 0 0.0666667
234 0 0.0666667
235 0 0.0666667
238 0 0.0666667
240 0 0.0666667
244 0 0.0666667
245 0 0.0666667
246 0 0.0666667
247 0 0.0666667
248 0 0.0666667
250 0 0.0666667
252 0 0.0666667
253 0 0.0666667
254 0 0.0666667
255 0 0.0666667
256 0 0.0666667
258 0 0.0666667
261 0 0.0666667
262 0 0.0666667
263 0 0.0666667
264 0 0.0666667
266 0 0.0666667
268 0 0.0666667
269 0 0.0666667
270 0 0.0666667
271 0 0.0666667
275 0 0.0666667
277 0 0.0666667
278 0 0.0666667
280 0 0.0666667
281 0 0.0666667
283 0 0.0666667
284 0 0.0666667
285 0 0.0666667
286 0 0.0666667
289 0 0.0666667
290 0 0.0666667
292 0 0.0666667
294 0 0.0666667
298 0 0.0666667
300 0 0.0666667
301 0 0.133333
305 0 0.0666667
306 0 0.0666667
309 0 0.0666667
310 0 0.133333
316 0 0.0666667
317 0 0.0666667
318 0 0.0666667
320 0 0.0666667
321 0 0.0666667
322 0 0.0666667
323 0 0.0666667
324 0 0.0666667
325 0 0.0666667
327 0 0.0666667
328 0 0.0666667
329 0 0.0666667
330 0 0.0666667
332 0 0.0666667
333 0 0.0666667
337 0 0.0666667
338 0 0.0666667
341 0 0.0666667
342 0 0.0666667
343 0 0.0666667
345 0 0.0666667
346 0 0.0666667
347 0 0.0666667
348 0 0.0666667
349 0 0.0666667
350 0 0.133333
352 0 0.0666667
353 0 0.0666667
354 0 0.0666667
355 0 0.0666667
356 0 0.0666667
357 0 0.0666667
358 0 0.0666667
360 0 0.0666667
366 0 0.0666667
372 0 0.0666667
374 0 0.0666667
381 0 0.0666667
385 0 0.0666667
386 0 0.0666667
388 0 0.0666667
392 0 0.0666667
398 0 0.0666667
401 0 0.07142859999999999
402 0 0.07142859999999999
403 0 0.07142859999999999
404 0 0.07142859999999999
405 0 0.07142859999999999
406 0 0.07142859999999999
408 0 0.07142859999999999
409 0 0.07142859999999999
410 0 0.142857
413 0 0.07142859999999999
414 0 0.07142859999999999
416 0 0.07142859999999999
417 0 0.07142859999999999
418 0 0.07142859999999999
421 0 0.07142859999999999
423 0 0.07142859999999999
424 0 0.07142859999999999
436 0 0.07142859999999999
441 0 0.07142859999999999
442 0 0.07142859999999999
443 0 0.07142859999999999
444 0 0.07142859999999999
446 0 0.142857
447 0 0.07142859999999999
448 0 0.07142859999999999
449 0 0.07142859999999999
450 0 0.142857
453 0 0.07142859999999999
454 0 0.07142859999999999
456 0 0.07142859999999999
457 0 0.07142859999999999
458 0 0.07142859999999999
461 0 0.07142859999999999
462 0 0.07142859999999999
465 0 0.07142859999999999
468 0 0.07142859999999999
469 0 0.07142859999999999
470 0 0.07142859999999999
471 0 0.07142859999999999
472 0 0.07142859999999999
473 0 0.07142859999999999
475 0 0.07142859999999999
477 0 0.07142859999999999
478 0 0.07142859999999999
480 0 0.07142859999999999
481 0 0.07142859999999999
482 0 0.07142859999999999
484 0 0.142857
485 0 0.07142859999999999
488 0 0.07142859999999999
492 0 0.07142859999999999
494 0 0.07142859999999999
497 0 0.07142859999999999
498 0 0.07142859999999999
500 0 0.07142859999999999
501 0 0.07142859999999999
502 0 0.07142859999999999
506 0 0.07142859999999999
508 0 0.07142859999999999
510 0 0.07142859999999999
511 0 0.07142859999999999
512 0 0.07142859999999999
513 0 0.07142859999999999
514 0 0.07142859999999999
515 0 0.07142859999999999
516 0 0.07142859999999999
518 0 0.07142859999999999
529 0 0.07142859999999999
531 0 0.07142859999999999
532 0 0.07142859999999999
538 0 0.07142859999999999
541 0 0.07142859999999999
543 0 0.07142859999999999
545 0 0.07142859999999999
546 0 0.07142859999999999
548 0 0.07142859999999999
549 0 0.07142859999999999
550 0 0.07142859999999999
552 0 0.07142859999999999
553 0 0.07142859999999999
554 0 0.07142859999999999
555 0 0.07142859999999999
556 0 0.07142859999999999
557 0 0.07142859999999999
558 0 0.07142859999999999
559 0 0.07142859999999999
561 0 0.07142859999999999
563 0 0.07142859999999999
565 0 0.07142859999999999
566 0 0.07142859999999999
568 0 0.07142859999999999
570 0 0.07142859999999999
572 0 0.07142859999999999
573 0 0.07142859999999999
575 0 0.07142859999999999
576 0 0.07142859999999999
577 0 0.07142859999999999
578 0 0.07142859999999999
581 0 0.07142859999999999
583 0 0.142857
584 0 0.07142859999999999
585 0 0.07142859999999999
586 0 0.07142859999999999
588 0 0.07142859999999999
589 0 0.07142859999999999
590 0 0.142857
592 0 0.07142859999999999
594 0 0.07142859999999999
595 0 0.07142859999999999
596 0 0.07142859999999999
597 0 0.07142859999999999
598 0 0.07142859999999999
599 0 0.07142859999999999
600 0 0.07142859999999999
601 0 0.07142859999999999
603 0 0.07142859999999999
606 0 0.07142859999999999
610 0 0.07142859999999999
616 0 0.07142859999999999
618 0 0.07142859999999999
620 0 0.07142859999999999
621 0 0.07142859999999999
623 0 0.07142859999999999
624 0 0.07142859999999999
625 0 0.07142859999999999
628 0 0.07142859999999999
629 0 0.142857
630 0 0.07142859999999999
632 0 0.07142859999999999
633 0 0.07142859999999999
635 0 0.07142859999999999
637 0 0.07142859999999999
638 0 0.07142859999999999
641 0 0.07142859999999999
643 0 0.07142859999999999
644 0 0.07142859999999999
646 0 0.07142859999999999
648 0 0.07142859999999999
649 0 0.07142859999999999
650 0 0.07142859999999999
652 0 0.07142859999999999
653 0 0.07142859999999999
654 0 0.07142859999999999
656 0 0.07142859999999999
657 0 0.07142859999999999
659 0 0.07142859999999999
660 0 0.07142859999999999
661 0 0.07142859999999999
662 0 0.07142859999999999
663 0 0.07142859999999999
664 0 0.07142859999999999
666 0 0.07142859999999999
668 0 0.07142859999999999
669 0 0.07142859999999999
670 0 0.07142859999999999
672 0 0.07142859999999999
675 0 0.07142859999999999
676 0 0.07142859999999999
677 0 0.07142859999999999
678 0 0.07142859999999999
680 0 0.07142859999999999
681 0 0.07142859999999999
682 0 0.07142859999999999
683 0 0.07142859999999999
689 0 0.07142859999999999
690 0 0.07142859999999999
691 0 0.07142859999999999
692 0 0.07142859999999999
693 0 0.07142859999999999
698 0 0.07142859999999999
701 0 0.07142859999999999
704 0 0.07142859999999999
705 0 0.07142859999999999
707 0 0.07142859999999999
708 0 0.07142859999999999
709 0 0.07142859999999999
710 0 0.07142859999999999
711 0 0.07142859999999999
712 0 0.07142859999999999
713 0 0.07142859999999999
716 0 0.07142859999999999
718 0 0.07142859999999999
720 0 0.07142859999999999
723 0 0.07142859999999999
724 0 0.07142859999999999
725 0 0.07142859999999999
726 0 0.07142859999999999
728 0 0.07142859999999999
729 0 0.07142859999999999
730 0 0.07142859999999999
731 0 0.07142859999999999
732 0 0.07142859999999999
734 0 0.07142859999999999
737 0 0.142857
741 0 0.07142859999999999
743 0 0.07142859999999999
744 0 0.07142859999999999
745 0 0.07142859999999999
746 0 0.07142859999999999
748 0 0.07142859999999999
749 0 0.07142859999999999
750 0 0.07142859999999999
751 0 0.07142859999999999
752 0 0.07142859999999999
753 0 0.07142859999999999
754 0 0.07142859999999999
755 0 0.07142859999999999
756 0 0.07142859999999999
757 0 0.07142859999999999
758 0 0.07142859999999999
764 0 0.07142859999999999
768 0 0.07142859999999999
781 0 0.07142859999999999
783 0 0.07142859999999999
785 0 0.07142859999999999
786 0 0.07142859999999999
794 0 0.07142859999999999
795 0 0.07142859999999999
801 0 0.07692309999999999
803 0 0.07692309999999999
804 0 0.07692309999999999
805 0 0.07692309999999999
806 0 0.07692309999999999
808 0 0.07692309999999999
809 0 0.07692309999999999
810 0 0.07692309999999999
811 0 0.07692309999999999
813 0 0.07692309999999999
815 0 0.07692309999999999
817 0 0.07692309999999999
818 0 0.07692309999999999
821 0 0.07692309999999999
828 0 0.07692309999999999
830 0 0.07692309999999999
832 0 0.07692309999999999
833 0 0.07692309999999999
838 0 0.07692309999999999
841 0 0.07692309999999999
842 0 0.07692309999999999
843 0 0.07692309999999999
844 0 0.07692309999999999
845 0 0.07692309999999999
848 0 0.07692309999999999
849 0 0.07692309999999999
850 0 0.153846
851 0 0.07692309999999999
852 0 0.07692309999999999
856 0 0.07692309999999999
857 0 0.07692309999999999
858 0 0.07692309999999999
861 0 0.07692309999999999
865 0 0.07692309999999999
866 0 0.07692309999999999
868 0 0.07692309999999999
869 0 0.07692309999999999
870 0 0.07692309999999999
871 0 0.07692309999999999
872 0 0.07692309999999999
873 0 0.07692309999999999
874 0 0.07692309999999999
875 0 0.07692309999999999
876 0 0.07692309999999999
877 0 0.07692309999999999
878 0 0.07692309999999999
880 0 0.07692309999999999
881 0 0.07692309999999999
884 0 0.07692309999999999
885 0 0.07692309999999999
886 0 0.07692309999999999
887 0 0.07692309999999999
888 0 0.07692309999999999
889 0 0.07692309999999999
890 0 0.07692309999999999
893 0 0.07692309999999999
894 0 0.07692309999999999
896 0 0.07692309999999999
897 0 0.07692309999999999
898 0 0.07692309999999999
901 0 0.07692309999999999
904 0 0.07692309999999999
905 0 0.07692309999999999
906 0 0.07692309999999999
907 0 0.07692309999999999
908 0 0.07692309999999999
909 0 0.07692309999999999
912 0 0.07692309999999999
914 0 0.07692309999999999
916 0 0.07692309999999999
917 0 0.07692309999999999
918 0 0.07692309999999999
919 0 0.07692309999999999
920 0 0.07692309999999999
921 0 0.07692309999999999
923 0 0.07692309999999999
930 0 0.07692309999999999
940 0 0.07692309999999999
941 0 0.07692309999999999
942 0 0.07692309999999999
943 0 0.07692309999999999
944 0 0.07692309999999999
945 0 0.07692309999999999
946 0 0.07692309999999999
948 0 0.07692309999999999
949 0 0.07692309999999999
950 0 0.07692309999999999
952 0 0.07692309999999999
954 0 0.07692309999999999
956 0 0.07692309999999999
957 0 0.07692309999999999
958 0 0.07692309999999999
960 0 0.07692309999999999
962 0 0.07692309999999999
963 0 0.07692309999999999
964 0 0.07692309999999999
965 0 0.07692309999999999
966 0 0.07692309999999999
968 0 0.07692309999999999
969 0 0.07692309999999999
970 0 0.07692309999999999
973 0 0.07692309999999999
974 0 0.07692309999999999
976 0 0.07692309999999999
978 0 0.07692309999999999
983 0 0.153846
984 0 0.07692309999999999
985 0 0.07692309999999999
986 0 0.07692309999999999
988 0 0.07692309999999999
989 0 0.07692309999999999
990 0 0.07692309999999999
992 0 0.07692309999999999
993 0 0.07692309999999999
994 0 0.07692309999999999
995 0 0.07692309999999999
996 0 0.07692309999999999
997 0 0.07692309999999999
998 0 0.07692309999999999
999 0 0.07692309999999999
1000 0 0.07692309999999999
1004 0 0.07692309999999999
1006 0 0.07692309999999999
1008 0 0.07692309999999999
1009 0 0.07692309999999999
1013 0 0.07692309999999999
1017 0 0.07692309999999999
1018 0 0.07692309999999999
1020 0 0.07692309999999999
1021 0 0.07692309999999999
1025 0 0.07692309999999999
1026 0 0.07692309999999999
1028 0 0.07692309999999999
1029 0 0.07692309999999999
1030 0 0.07692309999999999
1032 0 0.07692309999999999
1033 0 0.07692309999999999
1034 0 0.07692309999999999
1035 0 0.07692309999999999
1036 0 0.07692309999999999
1038 0 0.07692309999999999
1045 0 0.07692309999999999
1047 0 0.07692309999999999
1049 0 0.07692309999999999
1050 0 0.07692309999999999
1052 0 0.07692309999999999
1053 0 0.07692309999999999
1056 0 0.07692309999999999
1058 0 0.153846
1059 0 0.07692309999999999
1061 0 0.07692309999999999
1062 0 0.07692309999999999
1063 0 0.07692309999999999
1064 0 0.07692309999999999
1065 0 0.07692309999999999
1068 0 0.07692309999999999
1069 0 0.07692309999999999
1073 0 0.07692309999999999
1078 0 0.07692309999999999
1081 0 0.07692309999999999
1082 0 0.07692309999999999
1083 0 0.07692309999999999
1084 0 0.07692309999999999
1085 0 0.07692309999999999
1091 0 0.07692309999999999
1092 0 0.07692309999999999
1093 0 0.07692309999999999
1095 0 0.07692309999999999
1096 0 0.07692309999999999
1098 0 0.07692309999999999
1101 0 0.07692309999999999
1104 0 0.07692309999999999
1105 0 0.07692309999999999
1106 0 0.07692309999999999
1108 0 0.07692309999999999
1110 0 0.07692309999999999
1111 0 0.07692309999999999
1112 0 0.07692309999999999
1116 0 0.07692309999999999
1121 0 0.07692309999999999
1123 0 0.07692309999999999
1124 0 0.07692309999999999
1125 0 0.07692309999999999
1128 0 0.153846
1130 0 0.07692309999999999
1131 0 0.07692309999999999
1132 0 0.07692309999999999
1135 0 0.07692309999999999
1136 0 0.07692309999999999
1137 0 0.07692309999999999
1140 0 0.07692309999999999
1141 0 0.07692309999999999
1142 0 0.07692309999999999
1143 0 0.153846
1144 0 0.07692309999999999
1145 0 0.07692309999999999
1146 0 0.07692309999999999
1148 0 0.07692309999999999
1150 0 0.07692309999999999
1151 0 0.07692309999999999
1152 0 0.07692309999999999
1154 0 0.07692309999999999
1156 0 0.07692309999999999
1157 0 0.07692309999999999
1158 0 0.153846
1160 0 0.07692309999999999
1164 0 0.07692309999999999
1168 0 0.07692309999999999
1174 0 0.07692309999999999
1182 0 0.07692309999999999
1185 0 0.07692309999999999
1190 0 0.07692309999999999
1194 0 0.07692309999999999
1196 0 0.07692309999999999
1198 0 0.07692309999999999
1201 0 0.0833333
1202 0 0.0833333
1203 0 0.0833333
1204 0 0.0833333
1206 0 0.0833333
1207 0 0.0833333
1208 0 0.0833333
1209 0 0.0833333
1210 0 0.0833333
1212 0 0.0833333
1213 0 0.0833333
1214 0 0.0833333
1215 0 0.0833333
1216 0 0.0833333
1217 0 0.166667
1219 0 0.0833333
1220 0 0.0833333
1221 0 0.0833333
1224 0 0.0833333
1226 0 0.0833333
1230 0 0.0833333
1231 0 0.0833333
1241 0 0.0833333
1243 0 0.0833333
1248 0 0.0833333
1250 0 0.0833333
1251 0 0.0833333
1252 0 0.0833333
1254 0 0.0833333
1256 0 0.0833333
1257 0 0.0833333
1258 0 0.0833333
1261 0 0.0833333
1263 0 0.0833333
1266 0 0.0833333
1268 0 0.166667
1270 0 0.0833333
1273 0 0.0833333
1274 0 0.0833333
1275 0 0.0833333
1276 0 0.0833333
1278 0 0.0833333
1280 0 0.0833333
1282 0 0.0833333
1283 0 0.0833333
1284 0 0.0833333
1285 0 0.0833333
1286 0 0.0833333
1288 0 0.0833333
1289 0 0.0833333
1290 0 0.0833333
1293 0 0.0833333
1297 0 0.0833333
1298 0 0.0833333
1301 0 0.0833333
1303 0 0.0833333
1305 0 0.0833333
1306 0 0.0833333
1310 0 0.0833333
1311 0 0.0833333
1314 0 0.0833333
1316 0 0.0833333
1317 0 0.0833333
1318 0 0.0833333
1320 0 0.0833333
1326 0 0.0833333
1328 0 0.0833333
1338 0 0.0833333
1341 0 0.0833333
1342 0 0.0833333
1343 0 0.0833333
1344 0 0.0833333
1345 0 0.0833333
1346 0 0.0833333
1348 0 0.0833333
1349 0 0.166667
1350 0 0.0833333
1351 0 0.0833333
1353 0 0.0833333
1354 0 0.0833333
1356 0 0.0833333
1357 0 0.0833333
1358 0 0.0833333
1364 0 0.0833333
1365 0 0.0833333
1366 0 0.0833333
1369 0 0.0833333
1370 0 0.0833333
1371 0 0.0833333
1372 0 0.0833333
1373 0 0.0833333
1378 0 0.0833333
1380 0 0.0833333
1381 0 0.0833333
1382 0 0.0833333
1383 0 0.0833333
1384 0 0.0833333
1385 0 0.0833333
1386 0 0.0833333
1388 0 0.166667
1389 0 0.0833333
1390 0 0.166667
1392 0 0.0833333
1393 0 0.0833333
1394 0 0.0833333
1395 0 0.0833333
1396 0 0.0833333
1398 0 0.166667
1399 0 0.0833333
1401 0 0.0833333
1408 0 0.0833333
1412 0 0.0833333
1414 0 0.0833333
1415 0 0.0833333
1417 0 0.0833333
1421 0 0.0833333
1422 0 0.0833333
1423 0 0.0833333
1424 0 0.0833333
1425 0 0.166667
1430 0 0.0833333
1432 0 0.0833333
1433 0 0.0833333
1434 0 0.0833333
1435 0 0.0833333
1436 0 0.0833333
1438 0 0.0833333
1440 0 0.0833333
1441 0 0.0833333
1444 0 0.0833333
1446 0 0.166667
1450 0 0.0833333
1451 0 0.0833333
1452 0 0.0833333
1455 0 0.0833333
1458 0 0.0833333
1461 0 0.0833333
1463 0 0.166667
1464 0 0.0833333
1468 0 0.0833333
1472 0 0.0833333
1473 0 0.0833333
1474 0 0.0833333
1476 0 0.0833333
1477 0 0.0833333
1484 0 0.0833333
1485 0 0.0833333
1487 0 0.0833333
1488 0 0.0833333
1490 0 0.0833333
1494 0 0.0833333
1496 0 0.0833333
1501 0 0.0833333
1503 0 0.0833333
1505 0 0.166667
1508 0 0.0833333
1510 0 0.0833333
1511 0 0.0833333
1512 0 0.0833333
1513 0 0.0833333
1514 0 0.0833333
1515 0 0.0833333
1517 0 0.0833333
1521 0 0.0833333
1523 0 0.0833333
1525 0 0.0833333
1526 0 0.0833333
1528 0 0.0833333
1529 0 0.0833333
1530 0 0.0833333
1532 0 0.0833333
1535 0 0.0833333
1538 0 0.0833333
1539 0 0.0833333
1541 0 0.0833333
1542 0 0.0833333
1543 0 0.0833333
1544 0 0.0833333
1545 0 0.0833333
1546 0 0.0833333
1548 0 0.0833333
1549 0 0.0833333
1550 0 0.0833333
1552 0 0.0833333
1554 0 0.0833333
1555 0 0.0833333
1556 0 0.0833333
1558 0 0.0833333
1560 0 0.0833333
1568 0 0.0833333
1569 0 0.0833333
1580 0 0.0833333
1581 0 0.0833333
1584 0 0.0833333
1586 0 0.0833333
1589 0 0.0833333
1597 0 0.0833333
1598 0 0.0833333
1601 0 0.09090910000000001
1603 0 0.09090910000000001
1604 0 0.09090910000000001
1605 0 0.09090910000000001
1606 0 0.09090910000000001
1608 0 0.09090910000000001
1609 0 0.09090910000000001
1610 0 0.09090910000000001
1611 0 0.09090910000000001
1612 0 0.09090910000000001
1613 0 0.09090910000000001
1614 0 0.09090910000000001
1617 0 0.09090910000000001
1618 0 0.09090910000000001
1628 0 0.09090910000000001
1630 0 0.09090910000000001
1633 0 0.09090910000000001
1635 0 0.09090910000000001
1641 0 0.09090910000000001
1643 0 0.181818
1645 0 0.09090910000000001
1646 0 0.09090910000000001
1648 0 0.09090910000000001
1649 0 0.09090910000000001
1650 0 0.09090910000000001
1656 0 0.09090910000000001
1657 0 0.09090910000000001
1658 0 0.09090910000000001
1660 0 0.09090910000000001
1661 0 0.09090910000000001
1663 0 0.09090910000000001
1665 0 0.09090910000000001
1666 0 0.09090910000000001
1668 0 0.09090910000000001
1670 0 0.09090910000000001
1672 0 0.09090910000000001
1673 0 0.09090910000000001
1674 0 0.09090910000000001
1676 0 0.09090910000000001
1678 0 0.09090910000000001
1682 0 0.09090910000000001
1688 0 0.09090910000000001
1691 0 0.09090910000000001
1692 0 0.09090910000000001
1693 0 0.09090910000000001
1694 0 0.09090910000000001
1695 0 0.09090910000000001
1697 0 0.09090910000000001
1698 0 0.09090910000000001
1700 0 0.09090910000000001
1701 0 0.09090910000000001
1703 0 0.09090910000000001
1708 0 0.09090910000000001
1709 0 0.09090910000000001
1710 0 0.09090910000000001
1712 0 0.09090910000000001
1713 0 0.09090910000000001
1718 0 0.09090910000000001
1719 0 0.09090910000000001
1720 0 0.09090910000000001
1729 0 0.09090910000000001
1730 0 0.09090910000000001
1733 0 0.09090910000000001
1734 0 0.09090910000000001
1741 0 0.09090910000000001
1744 0 0.09090910000000001
1745 0 0.09090910000000001
1748 0 0.09090910000000001
1749 0 0.09090910000000001
1750 0 0.09090910000000001
1753 0 0.09090910000000001
1754 0 0.09090910000000001
1755 0 0.181818
1756 0 0.09090910000000001
1758 0 0.09090910000000001
1761 0 0.09090910000000001
1763 0 0.09090910000000001
1764 0 0.09090910000000001
1768 0 0.09090910000000001
1771 0 0.09090910000000001
1772 0 0.09090910000000001
1773 0 0.09090910000000001
1774 0 0.09090910000000001
1775 0 0.09090910000000001
1777 0 0.09090910000000001
1778 0 0.09090910000000001
1780 0 0.09090910000000001
1782 0 0.09090910000000001
1783 0 0.09090910000000001
1784 0 0.09090910000000001
1786 0 0.09090910000000001
1788 0 0.09090910000000001
1789 0 0.09090910000000001
1790 0 0.09090910000000001
1791 0 0.09090910000000001
1792 0 0.09090910000000001
1793 0 0.09090910000000001
1794 0 0.09090910000000001
1795 0 0.09090910000000001
1796 0 0.09090910000000001
1797 0 0.09090910000000001
1798 0 0.09090910000000001
1800 0 0.09090910000000001
1801 0 0.09090910000000001
1802 0 0.09090910000000001
1805 0 0.09090910000000001
1806 0 0.09090910000000001
1808 0 0.09090910000000001
1815 0 0.09090910000000001
1818 0 0.09090910000000001
1823 0 0.09090910000000001
1824 0 0.09090910000000001
1828 0 0.09090910000000001
1829 0 0.09090910000000001
1830 0 0.09090910000000001
1831 0 0.09090910000000001
1832 0 0.09090910000000001
1833 0 0.09090910000000001
1834 0 0.09090910000000001
1835 0 0.09090910000000001
1837 0 0.09090910000000001
1838 0 0.181818
1841 0 0.09090910000000001
1844 0 0.09090910000000001
1845 0 0.09090910000000001
1846 0 0.09090910000000001
1848 0 0.09090910000000001
1850 0 0.09090910000000001
1851 0 0.09090910000000001
1852 0 0.09090910000000001
1856 0 0.09090910000000001
1860 0 0.09090910000000001
1861 0 0.09090910000000001
1862 0 0.09090910000000001
1864 0 0.09090910000000001
1866 0 0.09090910000000001
1868 0 0.09090910000000001
1870 0 0.09090910000000001
1874 0 0.09090910000000001
1877 0 0.09090910000000001
1878 0 0.09090910000000001
1881 0 0.09090910000000001
1883 0 0.181818
1885 0 0.09090910000000001
1888 0 0.09090910000000001
1889 0 0.09090910000000001
1896 0 0.09090910000000001
1899 0 0.09090910000000001
1901 0 0.09090910000000001
1902 0 0.09090910000000001
1903 0 0.09090910000000001
1904 0 0.09090910000000001
1905 0 0.09090910000000001
1906 0 0.09090910000000001
1908 0 0.09090910000000001
1909 0 0.09090910000000001
1910 0 0.09090910000000001
1912 0 0.09090910000000001
1918 0 0.09090910000000001
1920 0 0.09090910000000001
1921 0 0.09090910000000001
1922 0 0.09090910000000001
1923 0 0.09090910000000001
1924 0 0.09090910000000001
1926 0 0.09090910000000001
1928 0 0.09090910000000001
1930 0 0.09090910000000001
1932 0 0.09090910000000001
1936 0 0.09090910000000001
1937 0 0.181818
1938 0 0.09090910000000001
1941 0 0.09090910000000001
1943 0 0.09090910000000001
1944 0 0.09090910000000001
1945 0 0.09090910000000001
1946 0 0.09090910000000001
1947 0 0.09090910000000001
1948 0 0.09090910000000001
1949 0 0.09090910000000001
1950 0 0.09090910000000001
1952 0 0.09090910000000001
1954 0 0.09090910000000001
1955 0 0.09090910000000001
1956 0 0.09090910000000001
1959 0 0.09090910000000001
1966 0 0.09090910000000001
1968 0 0.09090910000000001
1978 0 0.09090910000000001
1992 0 0.09090910000000001
1993 0 0.09090910000000001
1994 0 0.09090910000000001
1996 0 0.09090910000000001
1998 0 0.09090910000000001
2001 0 0.1
2002 0 0.1
2003 0 0.1
2004 0 0.1
2005 0 0.1
2008 0 0.1
2009 0 0.1
2010 0 0.2
2011 0 0.1
2012 0 0.1
2017 0 0.1
2018 0 0.1
2019 0 0.1
2026 0 0.1
2028 0 0.1
2032 0 0.1
2038 0 0.1
2041 0 0.1
2044 0 0.1
2045 0 0.1
2046 0 0.1
2048 0 0.1
2050 0 0.1
2051 0 0.1
2055 0 0.1
2056 0 0.1
2057 0 0.1
2058 0 0.1
2061 0 0.1
2066 0 0.1
2068 0 0.1
2069 0 0.1
2070 0 0.1
2073 0 0.1
2074 0 0.1
2075 0 0.1
2076 0 0.1
2078 0 0.1
2079 0 0.1
2081 0 0.1
2084 0 0.1
2086 0 0.1
2088 0 0.1
2090 0 0.1
2094 0 0.1
2095 0 0.1
2098 0 0.1
2101 0 0.1
2103 0 0.1
2104 0 0.1
2106 0 0.1
2107 0 0.1
2108 0 0.1
2110 0 0.1
2112 0 0.2
2114 0 0.1
2116 0 0.1
2118 0 0.1
2120 0 0.1
2130 0 0.1
2131 0 0.1
2132 0 0.1
2138 0 0.1
2141 0 0.1
2142 0 0.1
2143 0 0.1
2144 0 0.1
2145 0 0.1
2146 0 0.1
2149 0 0.1
2152 0 0.1
2153 0 0.1
2154 0 0.1
2155 0 0.1
2156 0 0.1
2158 0 0.1
2160 0 0.1
2162 0 0.1
2165 0 0.1
2168 0 0.1
2169 0 0.1
2170 0 0.1
2173 0 0.1
2174 0 0.1
2175 0 0.1
2176 0 0.1
2178 0 0.1
2180 0 0.1
2181 0 0.1
2182 0 0.1
2183 0 0.1
2184 0 0.1
2185 0 0.1
2188 0 0.2
2189 0 0.1
2190 0 0.1
2192 0 0.2
2194 0 0.1
2195 0 0.1
2196 0 0.1
2197 0 0.1
2198 0 0.1
2199 0 0.1
2203 0 0.1
2204 0 0.1
2205 0 0.1
2209 0 0.1
2214 0 0.1
2217 0 0.1
2224 0 0.1
2225 0 0.1
2226 0 0.1
2228 0 0.1
2230 0 0.1
2232 0 0.1
2233 0 0.1
2234 0 0.1
2235 0 0.1
2238 0 0.1
2241 0 0.1
2243 0 0.2
2248 0 0.1
2250 0 0.1
2254 0 0.1
2256 0 0.1
2258 0 0.1
2264 0 0.1
2265 0 0.1
2266 0 0.1
2268 0 0.1
2269 0 0.1
2270 0 0.1
2273 0 0.1
2274 0 0.1
2278 0 0.1
2281 0 0.1
2284 0 0.1
2289 0 0.1
2290 0 0.1
2292 0 0.1
2298 0 0.1
2300 0 0.1
2301 0 0.1
2306 0 0.1
2308 0 0.1
2312 0 0.1
2314 0 0.1
2316 0 0.1
2317 0 0.1
2318 0 0.1
2320 0 0.1
2321 0 0.1
2323 0 0.1
2324 0 0.1
2325 0 0.1
2326 0 0.1
2328 0 0.1
2332 0 0.1
2333 0 0.1
2337 0 0.1
2338 0 0.1
2341 0 0.1
2343 0 0.1
2344 0 0.1
2345 0 0.1
2348 0 0.2
2350 0 0.2
2351 0 0.1
2352 0 0.1
2353 0 0.1
2354 0 0.1
2356 0 0.1
2358 0 0.1
2363 0 0.1
2366 0 0.1
2373 0 0.1
2389 0 0.1
2390 0 0.1
2394 0 0.1
2397 0 0.1
2401 0 1
2403 0 1
2404 0 1
2405 0 1
2406 0 1
2407 0 1
2408 0 1
2409 0 1
2410 0 1
2412 0 1
2413 0 1
2416 0 1
2417 0 1
2418 0 1
2420 0 1
2422 0 1
2424 0 1
2425 0 1
2426 0 1
2427 0 1
2428 0 1
2430 0 1
2431 0 1
2432 0 1
2433 0 1
2434 0 1
2435 0 1
2437 0 1
2438 0 1
2439 0 1
2443 0 1
2444 0 1
2445 0 1
2446 0 1
2447 0 1
2448 0 1
2450 0 1
2451 0 1
2452 0 1
2456 0 1
2457 0 1
2458 0 1
2459 0 1
2464 0 1
2466 0 1
2467 0 1
2469 0 1
2470 0 1
2472 0 1
2473 0 1
2474 0 1
2475 0 1
2476 0 1
2478 0 1
2479 0 1
2480 0 1
2481 0 1
2485 0 1
2486 0 1
2487 0 1
2488 0 1
2489 0 1
2490 0 1
2491 0 1
2493 0 1
2494 0 1
2496 0 1
2497 0 1
2498 0 1
2500 0 1
2501 0 1
2502 0 1
2506 0 1
2507 0 1
2508 0 1
2509 0 1
2511 0 1
2513 0 1
2514 0 1
2515 0 1
2516 0 1
2517 0 1
2518 0 1
2520 0 1
2521 0 1
2522 0 1
2525 0 1
2527 0 1
2529 0 1
2530 0 1
2531 0 1
2532 0 1
2534 0 1
2535 0 1
2536 0 1
2537 0 1
2538 0 1
2542 0 1
2544 0 1
2550 0 1
2551 0 1
2552 0 1
2553 0 1
2555 0 1
2557 0 1
2558 0 1
2561 0 1
2562 0 1
2563 0 1
2564 0 1
2565 0 1
2566 0 1
2567 0 1
2570 0 1
2571 0 1
2572 0 1
2573 0 1
2574 0 1
2576 0 1
2577 0 1
2578 0 1
2580 0 1
2581 0 1
2584 0 1
2585 0 1
2586 0 1
2587 0 1
2588 0 1
2590 0 1
2593 0 1
2597 0 1
2598 0 1
2599 0 1
2601 0 1
2603 0 1
2604 0 1
2605 0 1
2607 0 1
2609 0 1
2611 0 1
2612 0 1
2613 0 1
2614 0 1
2615 0 1
2616 0 1
2618 0 1
2622 0 1
2624 0 1
2625 0 1
2627 0 1
2628 0 1
2632 0 1
2634 0 1
2635 0 1
2636 0 1
2637 0 1
2639 0 1
2640 0 1
2641 0 1
2646 0 1
2647 0 1
2648 0 1
2649 0 1
2651 0 1
2653 0 1
2655 0 1
2656 0 1
2657 0 1
2658 0 1
2661 0 1
2662 0 1
2664 0 1
2665 0 1
2666 0 1
2667 0 1
2668 0 1
2670 0 1
2674 0 1
2676 0 1
2677 0 1
2678 0 1
2681 0 1
2683 0 1
2685 0 1
2686 0 1
2687 0 1
2688 0 1
2689 0 1
2690 0 1
2691 0 1
2695 0 1
2696 0 1
2697 0 1
2698 0 1
2699 0 1
2700 0 1
2701 0 1
2702 0 1
2703 0 1
2704 0 1
2705 0 1
2707 0 1
2708 0 1
2710 0 1
2711 0 1
2712 0 1
2714 0 1
2717 0 1
2718 0 1
2719 0 1
2720 0 1
2721 0 1
2723 0 1
2724 0 1
2725 0 1
2726 0 1
2727 0 1
2728 0 1
2729 0 1
2730 0 1
2731 0 1
2733 0 1
