5847
5862
5887
5892
5910
5911
5914
5922
5936
5943
5947
5955
5985
5987
5989
5993
5994
6013
6020
6037
6039
6041
6047
6067
6093
6173
6175
6200
6221
6222
6224
6241
6269
6277
6302
6303
6319
6320
6350
6354
6355
6356
6371
6385
6393
6396
6432
6442
6453
6460
6467
6474
6478
6518
6530
6533
6541
6561
6599
6603
6626
6704
6731
6742
6766
6772
6773
6775
6827
6836
6842
7455
7458
7473
7480
7494
7504
7519
7522
7529
7536
7557
7568
7580
7595
7621
7630
7636
7637
7661
7667
7673
7688
7760
7766
7768
7793
7797
7804
7811
7814
7817
7828
7833
7834
7835
7856
7862
7879
7889
7891
7895
7896
7898
7904
7905
7912
7917
7930
7932
7940
7967
7971
7973
7980
7982
7987
7988
8008
8011
8018
8025
8026
8028
8035
8039
8051
8059
8060
8061
8066
8082
8090
8097
8100
8140
8152
8154
8156
8158
8160
8164
8182
8185
8214
8216
8224
8235
8236
8240
8241
8250
8253
8257
8267
8279
8283
8291
8296
8299
8300
8318
8320
8324
8328
8333
8335
8339
8352
8365
8373
8374
8375
8386
8387
8401
8410
8416
8426
8435
8447
8460
8461
8462
8463
8471
8472
8473
8474
8478
