ARGP820101    0.61    0.60    0.06    0.46    1.07      0.    0.47    0.07    0.61    2.22    1.53    1.15    1.18    2.02    1.95    0.05    0.05    2.65    1.88    1.32
BULH740101   -0.20   -0.12    0.08   -0.20   -0.45    0.16   -0.30    0.00   -0.12   -2.26   -2.46   -0.35   -1.47   -2.33   -0.98   -0.39   -0.52   -2.01   -2.24   -1.56
CHAM820102  -0.368   -1.03      0.    2.06    4.53   0.731    1.77  -0.525      0.   0.791    1.07      0.   0.656    1.06   -2.24  -0.524      0.    1.60    4.91   0.401
CIDH920105    0.02   -0.42   -0.77   -1.04    0.77   -1.10   -1.14   -0.80    0.26    1.81    1.14   -0.41    1.00    1.35   -0.09   -0.97   -0.77    1.71    1.11    1.13
EISD840101    0.25   -1.76   -0.64   -0.72    0.04   -0.69   -0.62    0.16   -0.40    0.73    0.53   -1.10    0.26    0.61   -0.07   -0.26   -0.18    0.37    0.02    0.54
EISD860101    0.67    -2.1    -0.6    -1.2    0.38   -0.22   -0.76      0.    0.64     1.9     1.9   -0.57     2.4     2.3     1.2    0.01    0.52     2.6     1.6     1.5
EISD860102      0.     10.     1.3     1.9    0.17     1.9      3.      0.    0.99     1.2     1.0     5.7     1.9     1.1    0.18    0.73     1.5     1.6     1.8    0.48
EISD860103      0.   -0.96   -0.86   -0.98    0.76    -1.0   -0.89      0.   -0.75    0.99    0.89   -0.99    0.94    0.92    0.22   -0.67    0.09    0.67   -0.93    0.84
FAUJ830101    0.31   -1.01   -0.60   -0.77    1.54   -0.22   -0.64    0.00    0.13    1.80    1.70   -0.99    1.23    1.79    0.72   -0.04    0.26    2.25    0.96    1.22
GOLD730101    0.75    0.75    0.69    0.00    1.00    0.59    0.00    0.00    0.00    2.95    2.40    1.50    1.30    2.65    2.60    0.00    0.45    3.00    2.85    1.70
GUYH850101    0.10    1.91    0.48    0.78   -1.42    0.95    0.83    0.33   -0.50   -1.13   -1.18    1.40   -1.59   -2.12    0.73    0.52    0.07   -0.51   -0.21   -1.27
HOPT810101    -0.5     3.0     0.2     3.0    -1.0     0.2     3.0     0.0    -0.5    -1.8    -1.8     3.0    -1.3    -2.5     0.0     0.3    -0.4    -3.4    -2.3    -1.5
JANJ790102     0.3    -1.4    -0.5    -0.6     0.9    -0.7    -0.7     0.3    -0.1     0.7     0.5    -1.8     0.4     0.5    -0.3    -0.1    -0.2     0.3    -0.4     0.6
JOND750101    0.87    0.85    0.09    0.66    1.52    0.00    0.67    0.10    0.87    3.15    2.17    1.64    1.67    2.87    2.77    0.07    0.07    3.77    2.67    1.87
KYTJ820101     1.8    -4.5    -3.5    -3.5     2.5    -3.5    -3.5    -0.4    -3.2     4.5     3.8    -3.9     1.9     2.8    -1.6    -0.8    -0.7    -0.9    -1.3     4.2
LAWE840101   -0.48   -0.06   -0.87   -0.75   -0.32   -0.32   -0.71    0.00   -0.51    0.81    1.02   -0.09    0.81    1.03    2.03    0.05   -0.35    0.66    1.24    0.56
LEVM760101    -0.5     3.0     0.2     2.5    -1.0     0.2     2.5     0.0    -0.5    -1.8    -1.8     3.0    -1.3    -2.5    -1.4     0.3    -0.4    -3.4    -2.3    -1.5
MANP780101   12.97   11.72   11.42   10.85   14.63   11.76   11.89   12.43   12.16   15.67   14.90   11.36   14.39   14.00   11.37   11.23   11.69   13.93   13.42   15.71
MIYS850101    2.36    1.92    1.70    1.67    3.36    1.75    1.74    2.06    2.41    4.17    3.93    1.23    4.22    4.37    1.89    1.81    2.04    3.82    2.91    3.49
NOZY710101     0.5     0.0     0.0     0.0     0.0     0.0     0.0     0.0     0.5     1.8     1.8     0.0     1.3     2.5     0.0     0.0     0.4     3.4     2.3     1.5
OOBM770101  -1.895  -1.475  -1.560  -1.518  -2.035  -1.521  -1.535  -1.898  -1.755  -1.951  -1.966  -1.374  -1.963  -1.864  -1.699  -1.753  -1.767  -1.869  -1.686  -1.981
OOBM770102  -1.404  -0.921  -1.178  -1.162  -1.365  -1.116  -1.163  -1.364  -1.215  -1.189  -1.315  -1.074  -1.303  -1.135  -1.236  -1.297  -1.252  -1.030  -1.030  -1.254
OOBM770103  -0.491  -0.554  -0.382  -0.356  -0.670  -0.405  -0.371  -0.534  -0.540  -0.762  -0.650  -0.300  -0.659  -0.729  -0.463  -0.455  -0.515  -0.839  -0.656  -0.728
OOBM770104  -9.475 -16.225 -12.480 -12.144 -12.210 -13.689 -13.815  -7.592 -17.550 -15.608 -15.728 -12.366 -15.704 -20.504 -11.893 -10.518 -12.369 -26.166 -20.232 -13.867
OOBM770105  -7.020 -10.131  -9.424  -9.296  -8.190 -10.044 -10.467  -5.456 -12.150  -9.512 -10.520  -9.666 -10.424 -12.485  -8.652  -7.782  -8.764 -14.420 -12.360  -8.778
OOBM850103    0.46   -1.54    1.31   -0.33    0.20   -1.12    0.48    0.64   -1.31    3.28    0.43   -1.71    0.15    0.52   -0.58   -0.83   -1.52    1.25   -2.21    0.54
OOBM850104   -2.49    2.55    2.27    8.86   -3.13    1.79    4.04   -0.56    4.22  -10.87   -7.16   -9.97   -4.96   -6.64    5.19   -1.60   -4.75  -17.84    9.25   -3.97
PONP800101   12.28   11.49   11.00   10.97   14.93   11.28   11.19   12.01   12.84   14.77   14.10   10.80   14.33   13.43   11.19   11.26   11.65   12.95   13.29   15.07
PONP800102    7.62    6.81    6.17    6.18   10.93    6.67    6.38    7.31    7.85    9.99    9.37    5.72    9.83    8.99    6.64    6.93    7.08    8.41    8.53   10.38
PONP800103    2.63    2.45    2.27    2.29    3.36    2.45    2.31    2.55    2.57    3.08    2.98    2.12    3.18    3.02    2.46    2.60    2.55    2.85    2.79    3.21
PRAM900101   -6.70   51.50   20.10   38.50   -8.40   17.20   34.30   -4.20   12.60    -13.  -11.70   36.80  -14.20  -15.50    0.80   -2.50     -5.   -7.90    2.90  -10.90
RADA880101    1.81  -14.92   -6.64   -8.72    1.28   -5.54   -6.81    0.94   -4.66    4.92    4.92   -5.55    2.35    2.98      0.   -3.40   -2.57    2.33   -0.14    4.04
RADA880102    0.52   -1.32   -0.01      0.      0.   -0.07   -0.79      0.    0.95    2.04    1.76    0.08    1.32    2.09      0.    0.04    0.27    2.51    1.63    1.18
RADA880103    0.13     -5.   -3.04   -2.23   -2.52   -3.84   -3.43    1.45   -5.61   -2.77   -2.64   -3.97   -3.83   -3.74      0.   -1.66   -2.31   -8.21   -5.97   -2.05
RADA880104    1.29  -13.60   -6.63      0.      0.   -5.47   -6.02    0.94   -5.61    2.88    3.16   -5.63    1.03    0.89      0.   -3.44   -2.84   -0.18   -1.77    2.86
RADA880105    1.42  -18.60   -9.67      0.      0.   -9.31   -9.45    2.39  -11.22    0.11    0.52   -9.60   -2.80   -2.85      0.   -5.10   -5.15   -8.39   -7.74    0.81
ROBB790101    -1.0     0.3    -0.7    -1.2     2.1    -0.1    -0.7     0.3     1.1     4.0     2.0    -0.9     1.8     2.8     0.4    -1.2    -0.5     3.0     2.1     1.4
ROSM880101   -0.67    12.1    7.23    8.72   -0.34    6.39    7.35    0.00    3.82   -3.02   -3.02    6.13   -1.30   -3.24   -1.75    4.35    3.86   -2.86    0.98   -2.18
ROSM880102   -0.67    3.89    2.27    1.57   -2.00    2.12    1.78    0.00    1.09   -3.02   -3.02    2.46   -1.67   -3.24   -1.75    0.10   -0.42   -2.86    0.98   -2.18
SIMZ760101    0.73    0.73   -0.01    0.54    0.70   -0.10    0.55    0.00    1.10    2.97    2.49    1.50    1.30    2.65    2.60    0.04    0.44    3.00    2.97    1.69
SWER830101   -0.40   -0.59   -0.92   -1.31    0.17   -0.91   -1.22   -0.67   -0.64    1.25    1.22   -0.67    1.02    1.92   -0.49   -0.55   -0.28    0.50    1.67    0.91
VHEG790101  -12.04   39.23    4.25   23.22    3.95    2.16   16.81   -7.85    6.28  -18.32  -17.79    9.71   -8.86  -21.98    5.82   -1.54   -4.15  -16.19   -1.51  -16.22
WERD780102    0.16   -0.20    1.03   -0.24   -0.12   -0.55   -0.45   -0.16   -0.18   -0.19   -0.44   -0.12   -0.79   -0.25   -0.59   -0.01    0.05   -0.33   -0.42   -0.46
WERD780103    0.15   -0.37    0.69   -0.22   -0.19   -0.06    0.14    0.36   -0.25    0.02    0.06   -0.16    0.11    1.18    0.11    0.13    0.28   -0.12    0.19   -0.08
WERD780104   -0.07   -0.40   -0.57   -0.80    0.17   -0.26   -0.63    0.27   -0.49    0.06   -0.17   -0.45    0.03    0.40   -0.47   -0.11    0.09   -0.61   -0.61   -0.11
YUTK870101     8.5      0.     8.2     8.5    11.0     6.3     8.8     7.1    10.1    16.8    15.0     7.9    13.3    11.2     8.2     7.4     8.8     9.9     8.8    12.0
YUTK870102     6.8      0.     6.2     7.0     8.3     8.5     4.9     6.4     9.2    10.0    12.2     7.5     8.4     8.3     6.9     8.0     7.0     5.7     6.8     9.4
YUTK870103   18.08      0.   17.47   17.36   18.17   17.93   18.16   18.24   18.49   18.62   18.60   17.96   18.11   17.30   18.16   17.57   17.54   17.19   17.99   18.30
YUTK870104   18.56      0.   18.24   17.94   17.84   18.51   17.97   18.57   18.64   19.21   19.01   18.36   18.49   17.95   18.77   18.06   17.71   16.87   18.23   18.98
ZIMJ680101    0.83    0.83    0.09    0.64    1.48    0.00    0.65    0.10    1.10    3.07    2.52    1.60    1.40    2.75    2.70    0.14    0.54    0.31    2.97    1.79
PONP930101    0.85    0.20   -0.48   -1.10    2.10   -0.42   -0.79       0    0.22    3.14    1.99   -1.19    1.42    1.69   -1.14   -0.52   -0.08    1.76    1.37    2.53
WILM950101    0.06   -0.85    0.25   -0.20    0.49    0.31   -0.10    0.21   -2.24    3.48    3.50   -1.62    0.21    4.80    0.71   -0.62    0.65    2.29    1.89    1.59
WILM950102    2.62    1.26   -1.27   -2.84    0.73   -1.69   -0.45   -1.15   -0.74    4.38    6.57   -2.78   -3.12    9.14   -0.12   -1.39    1.81    5.91    1.39    2.30
WILM950103   -1.64   -3.28    0.83    0.70    9.30   -0.04    1.18   -1.85    7.17    3.02    0.83   -2.36    4.26   -1.36    3.12    1.59    2.31    2.61    2.37    0.52
WILM950104   -2.34    1.60    2.81   -0.48    5.03    0.16    1.30   -1.06   -3.00    7.26    1.09    1.56    0.62    2.57   -0.15    1.93    0.19    3.59   -2.58    2.06
KUHL950101    0.78    1.58    1.20    1.35    0.55    1.19    1.45    0.68    0.99    0.47    0.56    1.10    0.66    0.47    0.69    1.00    1.05    0.70    1.00    0.51
JURD980101    1.10   -5.10   -3.50   -3.60    2.50   -3.68   -3.20   -0.64   -3.20    4.50    3.80   -4.11    1.90    2.80   -1.90   -0.50   -0.70   -0.46    -1.3     4.2
WOLR790101    1.12   -2.55   -0.83   -0.83    0.59   -0.78   -0.92    1.20   -0.93    1.16    1.18   -0.80    0.55    0.67    0.54   -0.05   -0.02   -0.19   -0.23    1.13
KIDA850101   -0.27    1.87    0.81    0.81   -1.05    1.10    1.17   -0.16    0.28   -0.77   -1.10    1.70   -0.73   -1.43   -0.75    0.42    0.63   -1.57   -0.56   -0.40
COWR900101    0.42   -1.56   -1.03   -0.51    0.84   -0.96   -0.37    0.00   -2.28    1.81    1.80   -2.03    1.18    1.74    0.86   -0.64   -0.26    1.46    0.51    1.34
BLAS910101   0.616   0.000   0.236   0.028   0.680   0.251   0.043   0.501   0.165   0.943   0.943   0.283   0.738   1.000   0.711   0.359   0.450   0.878   0.880   0.825
CASG920101     0.2    -0.7    -0.5    -1.4     1.9    -1.1    -1.3    -0.1     0.4     1.4     0.5    -1.6     0.5     1.0    -1.0    -0.7    -0.4     1.6     0.5     0.7
ENGD860101    -1.6    12.3     4.8     9.2    -2.0     4.1     8.2    -1.0     3.0    -3.1    -2.8     8.8    -3.4    -3.7     0.2    -0.6    -1.2    -1.9     0.7    -2.6
FASG890101   -0.21    2.11    0.96    1.36   -6.04    1.52    2.30    0.00   -1.23   -4.81   -4.68    3.88   -3.66   -4.65    0.75    1.74    0.78   -3.32   -1.01   -3.50
